,方式,数量,轨道周期,聚合,距离,年
0,径向速度,1,269.3,7.1,77.4,2006
1,径向速度,1,874.7739999999999,2.21,56.95,2008
2,径向速度,1,763.0,2.6,19.84,2011
3,径向速度,1,326.03,19.4,110.62,2007
4,径向速度,1,516.22,10.5,119.47,2009
5,径向速度,1,185.84,4.8,76.39,2008
6,径向速度,1,1773.4,4.64,18.15,2002
7,径向速度,1,798.5,,21.41,1996
8,径向速度,1,993.3,10.3,73.1,2008
9,径向速度,2,452.8,1.99,74.79,2010
10,径向速度,2,883.0,0.86,74.79,2010
11,径向速度,1,335.1,9.88,39.43,2009
12,径向速度,1,479.1,3.88,97.28,2008
13,径向速度,3,1078.0,2.53,14.08,1996
14,径向速度,3,2391.0,0.54,14.08,2001
15,径向速度,3,14002.0,1.64,14.08,2009
16,径向速度,1,4.230785,0.47200000000000003,15.36,1995
17,径向速度,5,14.651,0.8,12.53,1996
18,径向速度,5,44.38,0.165,12.53,2004
19,径向速度,5,4909.0,3.53,12.53,2002
20,径向速度,5,0.73654,,12.53,2011
21,径向速度,5,261.2,0.172,12.53,2007
22,径向速度,3,4.215,0.016,8.52,2009
23,径向速度,3,38.021,0.057,8.52,2009
24,径向速度,3,123.01,0.07200000000000001,8.52,2009
25,径向速度,1,116.6884,,18.11,1996
26,径向速度,1,691.9,,81.5,2012
27,径向速度,1,952.7,5.3,97.18,2008
28,径向速度,1,181.4,3.2,45.52,2013
29,,1,,,45.52,2005
30,,1,,,165.0,2007
31,,1,,,140.0,2004
32,微透镜,1,10220.0,6.05,,2009
33,,1,,,,2008
34,,1,,,145.0,2013
35,,1,,,139.0,2004
36,,1,,,18.39,2006
37,微透镜,2,5767.0,,130.72,2008
38,微透镜,2,3321.0,,130.72,2008
39,微透镜,2,5573.55,,500.0,2010
40,微透镜,2,2883.5,,500.0,2010
41,微透镜,1,2900.0,,,2011
42,微透镜,1,4343.5,4.2,,2012
43,微透镜,2,5840.0,,,2011
44,微透镜,2,1916.25,,,2011
45,径向速度,1,380.8,1.8,20.21,2010
46,径向速度,1,3.2357,0.0036,1.35,2012
47,,1,6000.0,,19.28,2008
48,径向速度,1,2502.0,1.55,3.22,2000
49,径向速度,1,417.9,,70.42,2012
50,径向速度,1,594.9,7.6,47.53,2006
51,径向速度,1,428.5,8.78,38.52,2009
52,径向速度,1,903.3,1.85,13.79,2003
53,径向速度,1,1251.0,,31.12,2007
54,,1,,,52.03,2012
55,径向速度,1,136.75,2.8,62.66,2007
56,径向速度,2,530.32,,46.84,2012
57,径向速度,2,3186.0,,46.84,2012
58,径向速度,1,277.02,1.7,80.64,2013
59,径向速度,1,187.83,,84.03,2012
60,径向速度,1,1630.0,,56.31,2012
61,径向速度,1,39.845,1.04,17.43,1997
62,径向速度,1,3.3135,3.9,15.6,1996
63,径向速度,1,305.5,20.6,92.51,2013
64,径向速度,4,4.617033,0.6876,13.47,1996
65,径向速度,4,241.25799999999998,1.9809999999999999,13.47,1999
66,径向速度,4,1276.46,4.132,13.47,1999
67,径向速度,4,3848.86,1.0590000000000002,13.47,2010
68,,1,318280.0,,7.69,2008
69,,1,,,145.0,2008
70,,1,,,36.0,2013
71,,1,,,140.0,2010
72,,1,4639.15,,12.21,2009
73,,1,,,52.4,2004
74,,1,7336.5,,25.0,2009
75,,1,8679.7,,26.67,2009
76,径向速度,1,655.6,5.1,37.54,2008
77,径向速度,1,714.3,10.6,,2007
78,径向速度,1,3.48777,,80.0,2000
79,径向速度,2,5.6,0.045,42.09,2009
80,径向速度,2,237.6,0.33,42.09,2009
81,径向速度,2,3.8728,0.027000000000000003,20.1,2013
82,径向速度,2,125.94,0.17,20.1,2013
83,径向速度,1,268.94,1.47,50.03,2009
84,径向速度,1,137.48,1.11,175.44,2013
85,径向速度,2,379.63,21.42,,2009
86,径向速度,2,621.99,12.47,,2009
87,径向速度,1,578.2,,,2012
88,径向速度,1,392.6,0.91,,2011
89,,1,10037.5,,23.1,2011
90,,1,,,,2006
91,,1,1.5089556999999998,,,2008
92,,1,1.7429935,,200.0,2008
93,,1,4.2568,,680.0,2008
94,,1,9.20205,,,2008
95,,1,4.0378962,,,2009
96,,1,8.886593,,,2009
97,,2,0.853585,,150.0,2009
98,径向速度,2,3.698,,150.0,2009
99,,1,6.21229,,380.0,2010
100,,1,95.2738,,460.0,2009
101,,1,13.2406,,345.0,2010
102,,1,2.9943299999999997,,560.0,2010
103,,1,2.828042,,1150.0,2010
104,,1,4.03519,,1060.0,2010
105,,1,1.51214,,1340.0,2010
106,,1,5.35227,,840.0,2011
107,,1,3.7681,,920.0,2011
108,,1,1.9000693,,870.0,2011
109,,1,3.89713,,770.0,2011
110,,1,9.24285,,1230.0,2011
111,,1,3.6313,,600.0,2011
112,,1,3.5753199999999996,,,2014
113,轨道亮度调制,1,246.36,,20.77,2013
114,径向速度,1,15.76491,3.91,10.91,1999
115,径向速度,3,8.631,0.035,14.97,2013
116,径向速度,3,25.6,0.024,14.97,2013
117,径向速度,3,603.0,0.079,14.97,2013
118,径向速度,1,2288.0,0.82,12.12,2009
119,径向速度,2,692.0,1.8940000000000001,15.1,2007
120,径向速度,2,7100.0,1.6,15.1,2011
121,径向速度,1,4100.0,2.3,20.03,2013
122,径向速度,1,7.3709,0.018000000000000002,9.04,2011
123,径向速度,1,2.64385,,10.23,2004
124,,1,,,17.95,2013
125,径向速度,4,5.36874,0.049,6.27,2005
126,径向速度,4,12.9292,0.017,6.27,2005
127,径向速度,4,66.8,0.022000000000000002,6.27,2005
128,径向速度,4,3.14942,0.006,6.27,2005
129,径向速度,1,598.3,0.32799999999999996,10.32,2009
130,径向速度,6,7.2004,0.018000000000000002,6.8,2011
131,径向速度,6,28.14,0.012,6.8,2011
132,径向速度,6,91.61,0.016,6.8,2013
133,径向速度,6,62.24,0.008,6.8,2013
134,径向速度,6,39.025999999999996,0.008,6.8,2013
135,径向速度,6,256.2,0.013999999999999999,6.8,2013
136,径向速度,1,4.6938,0.035,4.54,2007
137,径向速度,3,1050.3,4.95,16.13,2010
138,径向速度,3,3.6,0.013999999999999999,16.13,2012
139,径向速度,3,35.37,0.036000000000000004,16.13,2012
140,径向速度,1,3416.0,0.64,4.94,2008
141,径向速度,1,1845.0,0.91,8.77,2006
142,径向速度,4,61.1166,2.2756,4.7,1998
143,径向速度,4,30.0881,0.7142,4.7,2000
144,径向速度,4,1.9377799999999998,0.021,4.7,2005
145,径向速度,4,124.26,0.046,4.7,2010
146,,1,1.58040482,,,2009
147,径向速度,1,133.71,3.37,17.62,2000
148,径向速度,1,3.33714,,25.2,2012
149,径向速度,1,2.64561,0.022000000000000002,19.8,2010
150,,1,,,145.0,2010
151,,1,4.4652934,,139.0,2006
152,,1,5.633472900000001,,135.32,2007
153,,1,2.899736,,138.0,2007
154,,1,3.056536,,314.0,2007
155,,1,2.788491,,342.0,2007
156,,1,3.852985,,261.0,2007
157,,1,3.0763776000000003,,230.0,2008
158,,1,3.92289,,480.0,2008
159,,1,3.2130598,,142.5,2009
160,,2,2.91626,,214.0,2009
161,径向速度,2,428.5,15.2,214.0,2009
162,,1,4.627669,,205.0,2010
163,,1,10.863502,,190.0,2010
164,,1,2.77596,,235.0,2010
165,,2,10.338523,,90.0,2010
166,径向速度,2,5584.0,3.4,90.0,2010
167,,1,5.508023000000001,,166.0,2010
168,,1,4.0087779999999995,,215.0,2010
169,,1,2.875317,,70.0,2010
170,,1,4.124480999999999,,254.0,2010
171,,1,3.21222,,82.0,2010
172,,1,1.212884,,393.0,2010
173,,1,3.3552400000000002,,396.0,2010
174,,1,3.652836,,297.0,2010
175,,1,4.234516,,134.0,2010
176,,1,3.039577,,204.0,2011
177,,1,3.257215,,395.0,2011
178,,1,5.723186,,322.0,2011
179,,1,2.810595,,193.0,2011
180,,2,5.005425,,354.0,2011
181,径向速度,2,1022.0,3.4,354.0,2011
182,,1,2.150008,,283.0,2011
183,,1,3.474474,,387.0,2011
184,,1,5.452654,,257.0,2011
185,,1,3.6467059999999996,,535.0,2011
186,,1,1.3273469999999998,,317.0,2011
187,,1,2.7974360000000003,,411.0,2011
188,,1,4.640382,,249.0,2012
189,,1,3.5438699999999996,,642.0,2012
190,,1,4.457243,,501.0,2012
191,,1,2.6940470000000003,,344.0,2012
192,,1,4.641878,,447.0,2012
193,,1,3.3326870000000004,,542.0,2012
194,,1,2.691548,,322.0,2014
195,,1,3.4464589999999995,,303.0,2012
196,,1,1.354133,,360.0,2013
197,,1,3.547851,,453.0,2013
198,径向速度,2,349.7,1.25,25.64,2001
199,径向速度,2,6005.0,5.3,25.64,2012
200,径向速度,2,5.7727,0.024,23.44,2009
201,径向速度,2,13.505,0.0186,23.44,2011
202,径向速度,1,431.8,3.1,167.5,2011
203,径向速度,1,533.0,6.1,7.01,2010
204,径向速度,1,1183.0,4.9,89.85,2002
205,径向速度,1,3.4442,0.48,53.71,2005
206,径向速度,1,311.6,1.6,115.21,2013
207,径向速度,1,62.218,0.22899999999999998,11.11,2003
208,径向速度,1,526.62,1.56,44.05,2007
209,径向速度,1,829.0,0.8,32.7,2001
210,径向速度,1,15.609000000000002,0.0405,21.85,2005
211,径向速度,1,431.88,2.07,77.82,2001
212,径向速度,1,356.0,2.3,131.41,2009
213,径向速度,2,360.2,2.37,56.5,2012
214,径向速度,2,2732.0,2.37,56.5,2012
215,径向速度,1,675.0,1.94,100.0,2007
216,径向速度,1,777.0,1.96,53.28,2009
217,径向速度,1,792.6,,58.17,2012
218,径向速度,1,177.11,7.6,150.6,2011
219,径向速度,1,22.09,0.48,40.32,2003
220,径向速度,1,2496.0,1.65,55.01,2009
221,径向速度,1,615.0,0.29,35.88,2011
222,径向速度,2,1275.0,1.11,38.52,2011
223,径向速度,2,4046.0,2.0,38.52,2011
224,径向速度,1,5.3978,0.028999999999999998,16.82,2008
225,径向速度,1,1313.0,0.63,56.34,2010
226,径向速度,1,227.0,1.8,44.15,2002
227,径向速度,1,1634.0,14.2,38.26,2009
228,径向速度,2,30.052,0.7,52.85,2009
229,径向速度,2,192.9,1.82,52.85,2009
230,径向速度,6,5.75962,0.040999999999999995,39.39,2010
231,径向速度,6,16.3567,0.038,39.39,2010
232,径向速度,6,49.747,0.08,39.39,2010
233,径向速度,6,122.72,0.07400000000000001,39.39,2010
234,径向速度,6,602.0,0.067,39.39,2010
235,径向速度,6,2248.0,0.205,39.39,2010
236,径向速度,1,989.2,0.94,17.35,2006
237,径向速度,1,1075.2,6.21,32.56,1999
238,径向速度,2,1270.2,3.44,53.82,2007
239,径向速度,2,170.455,0.82,53.82,2008
240,径向速度,1,711.0,6.54,66.49,2005
241,径向速度,2,1945.0,0.622,33.98,2005
242,径向速度,2,37.91,0.0788,33.98,2008
243,径向速度,2,262.709,2.3,37.16,2000
244,径向速度,2,1708.0,1.92,37.16,2002
245,径向速度,1,471.6,14.0,300.3,2005
246,径向速度,2,14.182,0.0325,28.6,2011
247,径向速度,2,53.832,0.036000000000000004,28.6,2011
248,径向速度,2,19.382,0.865,66.89,2013
249,径向速度,2,931.0,5.13,66.89,2013
250,径向速度,1,4218.0,1.88,45.52,2009
251,径向速度,1,75.523,0.26,35.91,2000
252,径向速度,1,17.24,0.0696,25.54,2008
253,径向速度,1,990.0,4.4,59.84,2009
254,径向速度,1,465.1,14.3,50.18,2009
255,径向速度,1,359.9,4.6,,2007
256,径向速度,1,21.21663,,78.25,2007
257,径向速度,1,772.0,2.7,127.88,2011
258,径向速度,1,466.2,1.37,22.38,2003
259,径向速度,2,11.849,0.0378,43.08,2011
260,径向速度,2,33.823,0.0422,43.08,2011
261,径向速度,1,500.0,1.07,27.13,2002
262,径向速度,3,18.315,0.0085,6.06,2011
263,径向速度,3,40.114000000000004,0.00755,6.06,2011
264,径向速度,3,90.309,0.0151,6.06,2011
265,径向速度,2,29.15,0.0379,35.89,2011
266,径向速度,2,85.131,0.0496,35.89,2011
267,径向速度,1,591.9,1.9,36.02,2006
268,径向速度,1,380.85,1.99,44.5,2008
269,径向速度,2,22.656,0.0322,32.31,2011
270,径向速度,2,53.881,0.06472,32.31,2011
271,径向速度,1,1214.0,1.5,89.13,2006
272,径向速度,1,738.459,2.61,34.6,2001
273,径向速度,1,528.07,13.65,31.79,2011
274,径向速度,1,1561.0,7.71,51.97,2003
275,径向速度,1,3668.0,4.01,46.51,2006
276,径向速度,1,1845.0,0.95,56.05,2010
277,径向速度,1,423.841,1.28,18.24,2000
278,径向速度,1,2208.0,1.45,44.54,2012
279,径向速度,1,17.991,0.62,42.37,2005
280,径向速度,1,1117.0,1.16,56.18,2010
281,径向速度,1,385.9,5.59,39.56,2001
282,径向速度,1,387.1,1.7,168.92,2011
283,径向速度,1,2819.6540000000005,9.17,54.71,2002
284,径向速度,1,1159.2,1.3730000000000002,26.5,2009
285,径向速度,1,912.0,1.8,121.07,2011
286,径向速度,1,466.0,0.5,53.82,2010
287,径向速度,3,16.546,0.0363,38.01,2011
288,径向速度,3,51.284,0.0498,38.01,2011
289,径向速度,3,274.49,0.0519,38.01,2011
290,径向速度,1,326.6,1.3,136.8,2011
291,径向速度,1,18.179000000000002,0.33,86.88,2006
292,径向速度,1,157.54,3.04,117.37,2009
293,径向速度,1,1049.0,0.79,45.01,2009
294,径向速度,1,388.0,9.1,20.98,2005
295,径向速度,1,363.2,,37.78,2010
296,径向速度,3,154.46,0.61,33.24,2002
297,径向速度,3,2295.0,0.6829999999999999,33.24,2002
298,径向速度,3,843.6,0.624,33.24,2005
299,径向速度,1,2063.8179999999998,10.35,18.21,2001
300,径向速度,2,55.0,2.3,42.88,2004
301,径向速度,2,2720.0,3.366,42.88,2012
302,径向速度,3,5.6363,0.0117,25.59,2011
303,径向速度,3,14.025,0.0187,25.59,2011
304,径向速度,3,33.941,0.0162,25.59,2011
305,径向速度,2,14.3098,0.8390000000000001,42.43,2000
306,径向速度,2,2140.2,13.38,42.43,2000
307,径向速度,1,696.3,10.7,99.4,2009
308,径向速度,1,407.15,0.0961,15.56,2011
309,径向速度,6,4.3123,0.0126,12.83,2008
310,径向速度,6,9.6184,0.0208,12.83,2008
311,径向速度,6,20.432000000000002,0.0299,12.83,2008
312,径向速度,6,34.62,0.011000000000000001,12.83,2012
313,径向速度,6,51.76,0.0164,12.83,2012
314,径向速度,6,197.8,0.0223,12.83,2012
315,径向速度,1,264.15,4.01,33.33,2002
316,径向速度,1,963.0,2.54,43.03,2004
317,径向速度,1,1.3283,18.37,43.03,2003
318,径向速度,2,18.357,0.039,52.03,2013
319,径向速度,2,25.648000000000003,0.027000000000000003,52.03,2013
320,径向速度,1,327.8,0.6,54.94,2010
321,径向速度,1,2371.0,25.0,37.05,2008
322,径向速度,1,36.96,2.49,93.2,2007
323,径向速度,1,472.0,0.58,50.43,2010
324,径向速度,1,5.8872,0.04,22.04,2011
325,径向速度,2,226.93,0.1872,32.58,2008
326,径向速度,2,342.85,0.6579,32.58,2008
327,径向速度,1,890.76,1.79,48.95,2004
328,径向速度,1,43.6,0.47,36.14,2008
329,径向速度,1,3.0239999999999996,0.249,33.41,2000
330,径向速度,2,4.0845,0.07167000000000001,37.84,2008
331,径向速度,2,1353.6,0.35061,37.84,2008
332,径向速度,2,430.0,5.0,121.36,2002
333,径向速度,2,2500.0,7.0,121.36,2008
334,径向速度,1,700.0,1.16,87.41,2008
335,径向速度,1,4.9437,0.115,40.73,2002
336,径向速度,1,2582.7,1.71,47.26,2005
337,径向速度,1,1279.0,4.9,31.03,2002
338,径向速度,2,14.07,0.0413,34.07,2011
339,径向速度,2,95.415,0.0565,34.07,2011
340,径向速度,1,118.96,1.13,28.07,2000
341,径向速度,1,303.0,5.25,92.51,2003
342,径向速度,2,201.83,3.1548,25.7,2008
343,径向速度,2,607.06,7.4634,25.7,2008
344,径向速度,1,2.817822,0.38,35.8,2005
345,径向速度,1,589.64,2.9,10.34,2006
346,径向速度,1,358.0,0.64,32.62,2009
347,径向速度,2,572.4,1.26,35.59,2003
348,径向速度,2,152.6,0.17,35.59,2011
349,径向速度,1,480.5,6.0,80.06,2012
350,径向速度,1,1973.0,2.82,55.04,2005
351,径向速度,1,6.276,1.9,58.82,2001
352,径向速度,3,8.667,0.033,12.58,2006
353,径向速度,3,31.56,0.038,12.58,2006
354,径向速度,3,197.0,0.057999999999999996,12.58,2006
355,径向速度,1,851.8,6.1,,2007
356,径向速度,1,2231.0,2.0,28.76,2003
357,径向速度,1,3383.0,3.15,51.36,2002
358,径向速度,1,1260.0,3.06,53.05,2008
359,径向速度,1,2.54858,1.87,36.52,2003
360,径向速度,2,188.9,2.25,94.61,2002
361,径向速度,2,379.1,2.25,94.61,2005
362,径向速度,1,1800.0,1.15,96.99,2008
363,径向速度,3,51.645,1.8,64.56,2003
364,径向速度,3,2473.0,8.06,64.56,2003
365,径向速度,3,346.6,0.396,64.56,2007
366,径向速度,1,3.51,0.42,28.94,1999
367,径向速度,1,418.2,2.51,80.58,2007
368,径向速度,1,3.971,0.19699999999999998,59.7,2002
369,径向速度,1,5.7361,,41.27,2012
370,径向速度,1,1966.1,1.34,48.64,2011
371,径向速度,1,111.4357,,29.04,2001
372,径向速度,1,1001.7,6.86,32.56,2005
373,径向速度,1,184.02,2.7,88.26,2007
374,径向速度,2,441.47,,27.46,2003
375,径向速度,2,220.078,,27.46,2003
376,径向速度,1,705.0,1.3,112.23,2011
377,径向速度,1,2.985625,0.4,43.53,2002
378,径向速度,1,788.0,0.132,33.96,2009
379,径向速度,1,58.43,0.01133,11.15,2011
380,径向速度,1,2.1375,1.5,91.16,2006
381,径向速度,1,1695.0,0.92,42.48,2009
382,径向速度,1,1475.0,7.0,72.57,2009
383,径向速度,1,2754.0,1.78,18.06,2009
384,径向速度,1,3.4160000000000004,0.22,74.46,2004
385,径向速度,1,2157.0,1.78,30.88,2009
386,径向速度,1,256.78,8.44,38.99,1999
387,径向速度,1,49.77,0.057,22.09,2009
388,径向速度,1,325.81,3.86,32.32,2000
389,径向速度,1,143.58,0.37,28.9,2005
390,径向速度,2,13.186,0.0263,42.52,2011
391,径向速度,2,46.025,0.0318,42.52,2011
392,,1,,,91.57,2013
393,径向速度,1,507.0,1.2,149.03,2009
394,径向速度,1,361.1,0.9,132.8,2011
395,径向速度,1,498.9,0.68,84.03,2009
396,径向速度,1,647.3,4.0,221.24,2011
397,径向速度,2,8.1256,0.0284,26.21,2011
398,径向速度,2,103.49,0.04,26.21,2011
399,径向速度,1,9.494,0.026000000000000002,21.3,2010
400,径向速度,1,436.9,1.8,150.38,2011
401,径向速度,1,4951.0,6.8,42.77,2012
402,径向速度,1,439.3,0.502,60.46,2005
403,径向速度,2,17.054000000000002,0.087,17.99,2004
404,径向速度,2,4970.0,0.36,17.99,2010
405,径向速度,1,868.0,1.4,130.89,2011
406,径向速度,1,157.57,1.7,140.85,2011
407,径向速度,1,383.7,1.16,52.8,2007
408,径向速度,1,70.46,0.3,30.5,2005
409,径向速度,1,20.8133,0.172,42.0,2005
410,径向速度,1,4.113775,0.45,28.98,2006
411,径向速度,2,127.58,5.9,164.2,2008
412,径向速度,2,520.0,2.6,164.2,2008
413,径向速度,1,122.1,0.05,9.24,2010
414,径向速度,1,778.1,5.9,138.5,2011
415,径向速度,1,6.495,0.96,121.07,2010
416,径向速度,1,47.84,0.098,49.33,2009
417,径向速度,1,5.8881,0.36700000000000005,53.08,2013
418,径向速度,1,55.806000000000004,0.18600000000000003,20.82,2009
419,径向速度,1,199.505,8.3,102.04,2003
420,径向速度,1,1531.0,6.92,37.44,2002
421,径向速度,1,2890.0,11.0,87.87,2011
422,径向速度,1,3630.0,9.61,36.36,2012
423,,1,,,91.83,2013
424,径向速度,1,48.056000000000004,0.21,51.26,2005
425,径向速度,1,10.8985,0.261,38.56,2002
426,径向速度,1,443.4,2.6,138.5,2011
427,径向速度,2,395.8,1.29,68.54,2002
428,径向速度,2,1624.0,0.99,68.54,2005
429,径向速度,1,68.27,0.77,65.62,2010
430,径向速度,2,7.8543,0.054000000000000006,56.92,2013
431,径向速度,2,30.93,0.076,56.92,2013
432,径向速度,1,5.24,0.28,59.03,2005
433,径向速度,1,835.477,11.09,97.66,2009
434,径向速度,1,1143.0,6.8,28.88,2003
435,径向速度,1,324.0,2.83,37.42,2013
436,径向速度,2,263.3,0.27,15.71,2010
437,径向速度,2,1657.0,0.71,15.71,2010
438,径向速度,2,937.7,1.24,28.04,2003
439,径向速度,2,1046.0,,28.04,2011
440,径向速度,1,3827.0,0.48,20.48,2014
441,径向速度,1,83.88799999999999,11.68,40.57,1989
442,径向速度,1,493.7,1.1,20.43,2001
443,径向速度,1,1114.0,0.95,35.0,2002
444,径向速度,1,670.0,2.1,110.62,2011
445,径向速度,1,2597.0,1.88,33.01,2004
446,径向速度,1,25.826999999999998,0.17800000000000002,38.02,2004
447,径向速度,1,6.1335,2.13,88.57,2005
448,径向速度,1,2082.0,4.5,97.66,2013
449,径向速度,1,63.33,1.22,44.37,2003
450,径向速度,1,344.95,3.71,133.16,2003
451,径向速度,3,559.4,3.0,52.83,2007
452,径向速度,3,4.1547,0.057999999999999996,52.83,2009
453,径向速度,3,3008.0,7.2,52.83,2009
454,径向速度,1,9.6737,0.040999999999999995,27.45,2009
455,径向速度,1,1244.0,0.38,68.35,2009
456,径向速度,1,948.12,0.22399999999999998,38.05,2011
457,径向速度,2,454.2,1.45,16.57,2002
458,径向速度,2,923.8,3.24,16.57,2005
459,径向速度,1,1840.0,1.6,67.61,2009
460,径向速度,1,10.7085,1.04,29.76,1999
461,径向速度,1,883.0,2.2,121.36,2011
462,径向速度,1,1951.0,18.15,57.21,2008
463,径向速度,1,974.0,5.61,70.97,2007
464,径向速度,1,1544.0,1.49,98.52,2011
465,径向速度,2,3.27,0.0351,24.15,2011
466,径向速度,2,1160.9,0.1507,24.15,2011
467,径向速度,2,258.19,1.59,25.65,1999
468,径向速度,2,5000.0,0.82,25.65,2009
469,径向速度,3,12.083,0.0292,26.91,2011
470,径向速度,3,59.519,0.0382,26.91,2011
471,径向速度,3,459.26,0.121,26.91,2011
472,径向速度,1,464.3,2.0,106.38,2009
473,径向速度,3,11.577,0.0166,14.56,2011
474,径向速度,3,27.581999999999997,0.0358,14.56,2011
475,径向速度,3,106.72,0.03,14.56,2011
476,径向速度,1,330.0,0.223,38.45,2011
477,径向速度,1,1125.7,9.76,121.36,2008
478,径向速度,1,653.22,9.7,33.46,2002
479,径向速度,1,1928.0,5.1,35.87,2005
480,径向速度,1,1299.0,1.9,106.38,2011
481,径向速度,1,386.3,1.62,34.57,2003
482,径向速度,1,1057.0,3.12,59.35,2008
483,径向速度,1,176.3,2.9,126.1,2010
484,径向速度,1,103.95,5.76,55.19,2008
485,径向速度,2,44.236000000000004,2.12,42.68,2009
486,径向速度,2,1008.0,6.56,42.68,2009
487,径向速度,1,528.4,1.21,12.87,2003
488,径向速度,1,1027.0,0.85,53.05,2009
489,径向速度,1,331.5,0.96,59.28,2009
490,径向速度,1,2.8758911,,78.86,2005
491,径向速度,1,4.072,1.33,63.49,2005
492,径向速度,1,2.391,15.5,76.51,2009
493,径向速度,1,1096.2,0.168,29.55,2011
494,径向速度,1,2097.0,3.0,85.18,2009
495,径向速度,1,689.0,1.5,182.82,2011
496,径向速度,1,499.4,2.73,51.87,2008
497,径向速度,1,18.596,0.0193,18.08,2011
498,径向速度,1,3342.0,0.9470000000000001,18.06,2006
499,径向速度,1,163.9,5.02,65.79,2008
500,径向速度,2,408.6,2.24,68.54,2004
501,径向速度,2,3452.0,2.58,68.54,2014
502,径向速度,2,194.3,0.85,43.4,2007
503,径向速度,2,391.9,0.82,43.4,2007
504,径向速度,1,131.05,9.71,35.37,2011
505,径向速度,1,842.0,0.75,55.1,2009
506,径向速度,1,4.6455,0.013000000000000001,24.05,2010
507,径向速度,1,359.5546,10.57,49.0,2007
508,径向速度,1,104.84,0.12,33.48,2011
509,径向速度,1,521.0,1.8,114.15,2011
510,径向速度,2,12.62,1.13,68.59,2013
511,径向速度,2,248.4,1.9,68.59,2013
512,径向速度,2,1178.4,2.1,52.72,2006
513,径向速度,2,352.3,0.73,52.72,2012
514,径向速度,4,643.25,,15.28,2000
515,径向速度,4,4205.8,1.814,15.28,2004
516,径向速度,4,9.6386,,15.28,2004
517,径向速度,4,310.55,,15.28,2006
518,径向速度,1,8.428198,14.4,31.26,2002
519,径向速度,2,75.29,0.77,69.44,2010
520,径向速度,2,1314.0,2.29,69.44,2010
521,径向速度,1,282.4,0.48,51.81,2010
522,径向速度,1,606.4,2.7,37.98,2009
523,径向速度,1,1155.0,0.36,21.92,2005
524,径向速度,1,5144.0,3.53,42.99,2012
525,径向速度,1,420.77,1.7,50.0,2007
526,径向速度,2,58.11289,8.02,37.88,1998
527,径向速度,2,1749.5,18.1,37.88,2000
528,径向速度,1,6.403,0.23,43.12,2002
529,径向速度,2,225.62,2.88,36.32,2000
530,径向速度,2,2102.0,4.04,36.32,2003
531,径向速度,1,1145.0,0.67,64.98,2007
532,径向速度,1,538.0,1.83,,2007
533,径向速度,1,1523.0,2.6,44.05,2009
534,径向速度,1,323.6,2.7,134.95,2008
535,径向速度,1,1290.0,7.8,67.02,2009
536,径向速度,1,297.3,0.61,127.55,2007
537,轨道亮度调制,1,1016.0,,14.98,2010
538,径向速度,2,406.6,1.49,59.03,1999
539,径向速度,2,110.9,0.15,59.03,2010
540,径向速度,1,71.484,7.03,46.73,2001
541,径向速度,1,14.475999999999999,0.08,63.69,2008
542,径向速度,1,3.0925,0.95,27.05,2000
543,径向速度,1,396.03,,131.75,2010
544,径向速度,1,479.0,1.6,114.55,2009
545,径向速度,1,663.0,3.3,115.47,2009
546,径向速度,3,9.3743,0.0238,26.15,2008
547,径向速度,3,962.0,0.64,26.15,2008
548,径向速度,3,2172.0,0.54,26.15,2008
549,径向速度,1,956.0,0.37,55.93,2009
550,径向速度,2,634.23,3.69,52.83,2004
551,径向速度,2,2950.0,3.82,52.83,2008
552,径向速度,1,6.837999999999999,0.94,47.37,2006
553,径向速度,1,986.0,0.75,44.98,2006
554,径向速度,2,3.097,0.52,47.92,1998
555,径向速度,2,3810.0,1.99,47.92,1999
556,径向速度,1,456.46,1.26,52.63,2004
557,径向速度,1,14.275,0.0316,17.72,2011
558,径向速度,1,2.21857578,,19.25,2005
559,径向速度,1,1136.1,5.93,62.11,2002
560,径向速度,2,2891.0,1.5019999999999998,15.89,2003
561,径向速度,2,17.1,0.057,15.89,2005
562,径向速度,1,1038.1,1.9,54.23,2007
563,径向速度,1,4885.0,3.1,189.39,2009
564,径向速度,1,24.348000000000003,0.72,19.89,1999
565,径向速度,2,74.72,0.05318,8.82,2011
566,径向速度,2,525.8,0.07552,8.82,2011
567,径向速度,1,351.5,2.5,67.39,2007
568,径向速度,1,18.201629999999998,3.7,37.35,1999
569,径向速度,1,1289.0,3.0,46.93,2002
570,径向速度,1,3638.0,6.9,43.57,2012
571,径向速度,1,1333.0,2.58,32.99,2007
572,径向速度,1,1035.7,0.79,32.83,2011
573,径向速度,2,613.8,1.85,68.35,2010
574,径向速度,2,825.0,0.895,68.35,2010
575,径向速度,2,255.87,17.4,46.34,2002
576,径向速度,2,1383.4,2.44,46.34,2004
577,,1,,,40.85,2006
578,径向速度,3,1931.0,4.05,47.3,2009
579,径向速度,3,34.873000000000005,0.054000000000000006,47.3,2011
580,径向速度,3,2831.6,1.68,47.3,2012
581,径向速度,1,1733.0,0.266,26.95,2011
582,径向速度,1,279.8,1.37,90.33,2008
583,径向速度,1,610.0,2.2,170.07,2009
584,径向速度,2,161.97,,55.31,2012
585,径向速度,2,1155.7,,55.31,2012
586,径向速度,1,123.0,0.45,43.99,2004
587,径向速度,1,875.5,9.9,352.11,2012
588,径向速度,1,3.52474859,,47.08,1999
589,径向速度,1,442.1,1.23,21.29,1998
590,径向速度,1,354.8,,55.93,2007
591,径向速度,1,2.245715,0.45,52.72,2005
592,径向速度,1,373.3,2.3,121.8,2009
593,径向速度,1,951.0,4.5,40.75,2001
594,径向速度,2,7.2825,0.0087,21.52,2011
595,径向速度,2,10.866,0.0097,21.52,2011
596,径向速度,2,191.99,0.10099999999999999,38.64,2011
597,径向速度,2,2277.0,0.24600000000000002,38.64,2011
598,径向速度,2,3.93,0.017,43.53,2009
599,径向速度,2,567.0,0.33,43.53,2009
600,径向速度,1,1311.0,1.26,33.29,2002
601,径向速度,1,1294.0,2.1,26.52,2002
602,径向速度,1,118.45,0.65,37.89,2003
603,径向速度,2,7.126816000000001,1.39,19.72,1998
604,径向速度,2,4270.0,2.6,19.72,2005
605,径向速度,1,1319.0,13.0,54.92,2010
606,径向速度,1,225.7,0.21,29.94,2010
607,径向速度,1,5501.0,10.39,29.2,2012
608,径向速度,1,2093.3,,,2012
609,径向速度,1,3.8335,0.06,81.1,2007
610,径向速度,1,672.1,11.1,289.02,2012
611,径向速度,1,2209.0,1.06,45.23,2012
612,径向速度,1,3724.7,1.45,48.43,2011
613,径向速度,1,456.1,3.09,52.88,2007
614,径向速度,1,3999.0,1.9,50.45,2011
615,径向速度,1,572.38,7.75,41.95,1999
616,径向速度,1,26.73,0.71,94.07,2006
617,径向速度,1,141.6,1.08,108.46,2007
618,径向速度,1,192.0,6.575,,2013
619,径向速度,1,501.75,6.9,,2009
620,径向速度,1,745.7,5.3,307.69,2011
621,径向速度,1,2443.0,2.54,54.92,2009
622,径向速度,1,8.7836,0.0265,9.42,2008
623,径向速度,1,3.3689999999999998,0.76,50.2,2004
624,径向速度,2,345.72,1.42,44.8,2009
625,径向速度,2,9017.8,,44.8,2011
626,径向速度,1,57.0,0.47,23.8,2010
627,径向速度,1,16.2,1.25,223.21,2010
628,径向速度,3,6.6738550000000005,3.88,52.88,2005
629,径向速度,3,147.73,1.28,52.88,2006
630,径向速度,3,952.0,0.57,52.88,2009
631,径向速度,1,41.397,0.298,11.03,2010
632,径向速度,3,8.1352,0.036000000000000004,25.87,2011
633,径向速度,3,32.03,0.41,25.87,2011
634,径向速度,3,431.7,0.527,25.87,2011
635,,1,,,11.43,2010
636,径向速度,1,124.6,9.18,149.25,2013
637,径向速度,1,17337.5,9.0,23.98,2009
638,径向速度,1,511.098,8.82,31.33,2002
639,,1,,,131.93,2010
640,径向速度,1,111.7,2.1,14.9,2009
641,径向速度,1,5.0505,1.068,44.46,2013
642,径向速度,1,311.288,1.94,17.24,1999
643,,4,170000.0,,39.94,2008
644,,4,69000.0,,39.94,2008
645,,4,37000.0,,39.94,2008
646,,4,18000.0,,39.94,2010
647,,1,1.217514,,262.0,2012
648,,1,4.1137912000000005,,124.22,2012
649,,1,2.7033904,1.47,178.0,2013
650,,1,7.8457,,222.0,2014
651,,1,2.47063,,213.0,2006
652,,1,2.2047369999999997,,320.0,2008
653,,1,4.8878162000000005,,38.0,2008
654,,1,3.21346,,550.0,2009
655,,1,3.54846,,,2009
656,,1,3.234723,,,2009
657,,1,4.885525,,,2009
658,,1,3.5225400000000002,,1330.0,2010
659,,3,19.24,,650.0,2010
660,,3,38.91,,650.0,2010
661,,3,1.592851,,650.0,2010
662,,2,0.8374950000000001,,173.0,2011
663,,2,45.29485,,173.0,2011
664,,6,10.3039,,613.0,2010
665,,6,13.0241,,613.0,2010
666,,6,22.6845,,613.0,2010
667,,6,31.9996,,613.0,2010
668,,6,46.6888,,613.0,2010
669,,6,118.3807,,613.0,2010
670,,1,4.4379637,,600.0,2011
671,,1,1.7635892,,,2011
672,,1,6.7901229999999995,,980.0,2011
673,,1,4.942782,,,2011
674,,1,228.77599999999998,,61.0,2011
675,,1,1.4857108,,800.0,2011
676,,3,3.504725,,,2011
677,,3,7.641589999999999,,,2011
678,,3,14.85888,,,2011
679,,2,9.286994400000001,,2119.0,2011
680,脉冲星定时,2,160.0,,2119.0,2011
681,,5,3.6961218999999996,,290.0,2011
682,,5,10.854092,,290.0,2011
683,,5,77.61184,,290.0,2011
684,,5,6.098493,,290.0,2011
685,,5,19.57706,,290.0,2011
686,,1,2.785755,,108.0,2011
687,,1,289.8623,,190.0,2011
688,,2,7.1073,,800.0,2011
689,,2,10.7421,,800.0,2011
690,,2,8.1453,,1200.0,2011
691,,2,12.3335,,1200.0,2011
692,,3,6.2385,,,2011
693,,3,12.7204,,,2011
694,径向速度,3,123.0,,,2014
695,,2,12.2829,,,2011
696,,2,17.2513,,,2011
697,,2,15.3348,,,2011
698,,2,31.3309,,,2011
699,,2,5.9123,,,2011
700,,2,8.9858,,,2011
701,,2,10.3376,,1400.0,2011
702,,2,13.2907,,1400.0,2011
703,,3,29.33434,,1400.0,2012
704,,3,60.323105000000005,,1400.0,2012
705,,3,143.34394,,1400.0,2012
706,,2,20.8613,,2100.0,2011
707,,2,42.6318,,2100.0,2011
708,,5,5.9012400000000005,,303.0,2011
709,,5,8.7522,,303.0,2011
710,,5,22.7802,,303.0,2012
711,,5,2.8960000000000004,,303.0,2012
712,,5,0.7429600000000001,,303.0,2012
713,,5,5.66793,,,2011
714,,5,13.17562,,,2011
715,,5,21.77596,,,2011
716,,5,31.7844,,,2011
717,,5,41.02902,,,2011
718,,1,288.822,,1499.0,2011
719,,1,131.458,,1645.0,2011
720,,2,13.839889999999999,,470.0,2012
721,,2,16.23855,,470.0,2012
722,,3,13.367308,,66.0,2013
723,,3,21.301886,,66.0,2013
724,,3,39.792187,,66.0,2013
725,,1,105.59899999999999,,600.0,2012
726,,1,21.0874,,1200.0,2011
727,,1,6.873489999999999,,2700.0,2010
728,,1,1.8555580000000003,,770.0,2011
729,,3,1.2137672,,38.7,2011
730,,3,0.45328509,,38.7,2011
731,,3,1.8651689999999999,,38.7,2011
732,,1,3.024095,,1950.0,2011
733,,1,3.24674,,2250.0,2011
734,,1,2.4552389999999997,,333.0,2011
735,,2,33.60134,,855.0,2012
736,脉冲星定时,2,57.011,,855.0,2012
737,,2,49.532,,1500.0,2012
738,,2,303.137,,1500.0,2012
739,,4,4.7779803,,,2012
740,,4,9.673928300000002,,,2012
741,,4,42.8961,,,2014
742,径向速度,4,982.0,,,2014
743,,2,7.203794500000001,,,2012
744,,2,10.912934300000002,,,2012
745,,2,7.812539999999999,,,2012
746,,2,9.37647,,,2012
747,,3,45.153999999999996,,,2012
748,,3,85.31200000000001,,,2012
749,脉冲星定时,3,,,,2014
750,,2,7.8773565,,,2012
751,,2,16.3850021,,,2012
752,,2,18.6489525,,,2012
753,,2,38.5583038,,,2012
754,,2,8.0109434,,,2012
755,,2,12.071724900000001,,,2012
756,,2,27.948144899999996,,,2012
757,,2,42.15164179999999,,,2012
758,,2,10.5016,,,2012
759,,2,21.40239,,,2012
760,,2,5.729319599999999,,,2012
761,,2,11.6092567,,,2012
762,,2,10.2184954,,,2012
763,,2,15.5741568,,,2012
764,,2,11.8681707,,,2012
765,,2,17.980123499999998,,,2012
766,,3,7.1316185,,,2012
767,,3,8.9193459,,,2012
768,,3,11.901617100000001,,,2012
769,,1,59.877559999999995,,,2013
770,,5,5.714932,,368.0,2013
771,,5,12.4417,,368.0,2013
772,,5,18.16406,,368.0,2013
773,,5,122.3874,,368.0,2013
774,,5,267.291,,368.0,2013
775,,1,9.434150500000001,,200.0,2013
776,,1,138.317,,1000.0,2012
777,,3,2.1549099999999997,,,2012
778,,3,5.8599440000000005,,,2012
779,,3,8.13123,,,2012
780,,1,17.815815,,1107.0,2013
781,,1,15.7259,,1107.0,2013
782,,3,5.398763,,135.0,2012
783,,3,9.605085,,135.0,2012
784,径向速度,3,580.0,0.9470000000000001,135.0,2012
785,,2,13.722341,,,2013
786,,2,242.4613,,,2013
787,过境时间变化,2,0.24010399999999998,,1180.0,2011
788,过境时间变化,2,0.342887,,1180.0,2011
789,,1,3.9051199999999997,,800.0,2010
790,,1,7.340717999999999,,1330.0,2013
791,,1,8.884924,,1140.0,2013
792,过境时间变化,1,1.54492875,,,2013
793,,1,3.57878087,,570.0,2013
794,,1,0.355,,,2013
795,,2,13.485,,,2012
796,,2,27.401999999999997,,,2012
797,,2,7.053,,,2012
798,,2,9.522,,,2012
799,,2,5.955,,,2012
800,,2,12.04,,,2012
801,,2,26.444000000000003,,,2012
802,,2,51.538000000000004,,,2012
803,,2,9.77,,,2012
804,,2,20.09,,,2012
805,,2,8.726,,,2012
806,,2,12.883,,,2012
807,,2,8.306000000000001,,,2012
808,,2,12.513,,,2012
809,,1,282.5255,,,2013
810,,2,114.73635,,,2013
811,,2,191.2318,,,2013
812,,2,10.95416,,339.0,2013
813,脉冲星定时,2,22.3395,,339.0,2013
814,,4,3.743208,,,2013
815,,4,10.423648,,,2013
816,,4,22.342989000000003,,,2013
817,,4,54.32031,,,2013
818,,7,7.008151,,780.0,2013
819,,7,8.719375,,780.0,2013
820,,7,59.73667,,780.0,2013
821,,7,91.93913,,780.0,2013
822,,7,124.9144,,780.0,2013
823,,7,210.60697000000002,,780.0,2013
824,,7,331.60059,,780.0,2013
825,,1,6.246580000000001,,1030.0,2013
826,,2,13.749,,,2013
827,,2,26.723000000000003,,,2013
828,,2,4.72674,,,2014
829,径向速度,2,1460.0,,,2014
830,,2,2.50806,,,2014
831,径向速度,2,820.3,,,2014
832,,1,11.5231,,,2014
833,,1,16.2385,,,2014
834,,2,2.58664,,,2014
835,径向速度,2,789.0,,,2014
836,,1,1.54168,,,2014
837,,1,4.60358,,,2014
838,,3,6.88705,,,2014
839,,3,12.8159,,,2014
840,,3,35.3331,,,2014
841,,5,5.28696,,,2014
842,,5,7.07142,,,2014
843,,5,10.3117,,,2014
844,,5,16.1457,,,2013
845,,5,27.4536,,,2014
846,,2,15.9654,,,2014
847,,2,179.612,,,2014
848,,2,5.4122,,,2013
849,,4,6.16486,,,2014
850,,4,13.5708,,,2014
851,,4,23.9802,,,2014
852,,4,43.8445,,,2014
853,,2,6.48163,,,2014
854,,2,21.2227,,,2014
855,,2,4.754,,,2014
856,,2,8.92507,,,2014
857,,2,8.041,,,2013
858,,2,11.776,,,2013
859,,2,15.09,,,2013
860,,2,22.804000000000002,,,2013
861,,3,27.50868,,,2013
862,,2,16.092,,,2014
863,,2,25.5169,,,2014
864,,2,13.78164,,,2014
865,,2,23.08933,,,2014
866,,2,22.951,,,2013
867,,2,42.882,,,2013
868,,2,36.855,,,2013
869,,2,49.412,,,2013
870,,2,23.654,,,2013
871,,2,50.446999999999996,,,2013
872,,2,31.884,,,2013
873,,2,48.648,,,2013
874,,2,17.324,,,2013
875,,2,33.006,,,2013
876,,2,35.736,,,2013
877,,2,54.413999999999994,,,2013
878,,2,24.805999999999997,,,2013
879,,2,44.347,,,2013
880,,2,5.487,,,2013
881,,2,8.291,,,2013
882,,2,10.415999999999999,,,2013
883,,2,13.084000000000001,,,2013
884,,2,34.921,,,2013
885,,2,71.312,,,2013
886,,2,17.849,,,2013
887,,2,26.136,,,2013
888,,2,42.994,,,2013
889,,2,88.505,,,2013
890,,2,2.4262900000000003,,,2014
891,,2,4.62332,,,2014
892,,2,0.6693100000000001,,,2014
893,径向速度,2,3000.0,,,2014
894,,1,2.46502,,,2014
895,,1,68.9584,,,2014
896,,1,17.833648,,132.0,2013
897,,1,3.00516,,,2013
898,,1,1.72086123,,1056.0,2014
899,,1,66.262,,,2014
900,,1,40000.0,,,2011
901,,1,3.91405,,2000.0,2007
902,成像,1,,,,2008
903,成像,1,,,,2008
904,成像,1,,,,2009
905,成像,1,,,3600.0,2013
906,成像,1,2780.0,,,2011
907,成像,1,,,,2010
908,成像,1,1970.0,,,2010
909,成像,1,,,2300.0,2012
910,成像,1,,,2800.0,2012
911,成像,1,,,7720.0,2012
912,成像,1,,,7560.0,2013
913,径向速度,1,677.8,19.8,,2007
914,径向速度,1,6.957999999999999,0.34,,2014
915,径向速度,1,5.118,0.4,,2014
916,径向速度,1,121.71,1.54,,2014
917,成像,1,,,,2004
918,成像,1,3600.0,,,2005
919,成像,1,3300.0,,,2006
920,成像,1,3500.0,,,2005
921,成像,2,1825.0,,,2008
922,成像,2,5100.0,,,2008
923,成像,1,,,,2009
924,成像,1,,,2570.0,2012
925,成像,2,,,4080.0,2012
926,成像,2,,,4080.0,2012
927,成像,1,,,1760.0,2013
928,成像,1,,,4970.0,2013
929,,1,2.4855335,,,2008
930,,1,3.1012779999999998,,,2004
931,,1,1.2119189,,,2002
932,,1,4.0161,,,2004
933,,1,1.4324752,,600.0,2004
934,,1,1.689868,,2500.0,2004
935,,1,3.9791,,,2007
936,,1,3.6772400000000003,,,2007
937,,1,730000.0,,,2006
938,,1,3.1606296,,1200.0,2013
939,径向速度,1,4.4264,,,2012
940,径向速度,1,2.1451,,,2012
941,Eclipse时序变化,3,25.261999999999997,,,1992
942,Eclipse时序变化,3,66.5419,,,1992
943,Eclipse时序变化,3,98.2114,,,1994
944,Eclipse时序变化,1,36525.0,,,2003
945,Eclipse时序变化,1,0.09070629,,1200.0,2011
946,,1,1.420033,,,2010
947,,1,1.3371182,,,2011
948,,1,,,135.0,2013
949,,1,,,120.0,2013
950,,1,,,,2010
951,,1,4.2,,8500.0,2006
952,,1,1.796,,8500.0,2006
953,,1,3.030065,,152.3,2004
954,,1,1.30618581,,228.0,2007
955,,1,3.5539449999999997,,492.0,2007
956,,1,1.4822446000000002,,360.0,2011
957,,1,,,,2008
958,天体测量,1,1170.0,,,2007
959,,1,2.5199449,,408.0,2007
960,,1,2.1522259999999998,,147.0,2007
961,,1,1.8468349999999998,,220.0,2007
962,,1,1.33823187,,300.0,2007
963,,1,1.62843142,,300.0,2008
964,,1,3.3610059999999997,,,2009
965,,1,4.954658,,140.0,2008
966,,1,8.158714999999999,,87.0,2010
967,,1,3.0927616,,90.0,2008
968,,1,3.7224747000000002,,121.7,2008
969,,1,1.091423,,,2008
970,,1,4.353011,,155.0,2009
971,,1,2.243752,,160.0,2008
972,,1,3.7520656000000003,,,2009
973,,1,3.1186008999999997,,,2009
974,,1,3.7354417,,400.0,2009
975,,1,0.94145299,,105.49,2009
976,,1,0.78884,,250.0,2009
977,,1,4.322482,,242.0,2010
978,,1,3.5327312999999996,,300.0,2010
979,,1,2.9444256,,,2010
980,,1,2.34121242,,,2010
981,,1,3.764825,,,2010
982,,1,2.7566004,,250.0,2010
983,,1,3.408821,,,2010
984,,1,3.9227269999999996,,70.0,2010
985,,1,3.4059095999999998,,360.0,2010
986,,1,2.718659,,,2010
987,,1,1.2198669,,116.14,2010
988,,1,4.3176782,,120.0,2010
989,,1,3.161575,,,2011
990,,1,1.5373653,,450.0,2011
991,,1,3.5774690000000002,,343.0,2010
992,,1,6.871815,,110.0,2010
993,,1,4.0552589999999995,,230.0,2011
994,,1,3.0524009999999997,,180.0,2010
995,,1,4.9816872000000005,,160.0,2012
996,,1,0.813475,,80.0,2011
997,,1,2.4238039000000002,,,2011
998,,1,3.1260876,,,2011
999,,1,1.4303700000000001,,,2011
1000,,1,4.1591399,,200.0,2012
1001,,1,2.143634,,,2011
1002,,1,2.7817387000000005,,170.0,2012
1003,,1,1.9550958999999999,,230.0,2011
1004,,1,1.7497798,,140.0,2012
1005,,1,3.6936411,,200.0,2012
1006,,1,4.465633,,330.0,2012
1007,,1,4.617101,,255.0,2012
1008,,1,2.838971,,455.0,2012
1009,,1,5.017180000000001,,300.0,2012
1010,,1,7.9195850000000005,,125.0,2012
1011,,1,4.3050011,,400.0,2012
1012,,1,3.8559,,480.0,2012
1013,,1,4.411953,,160.0,2012
1014,,1,4.37809,,330.0,2012
1015,,1,1.5732918,,350.0,2012
1016,,1,2.3114242999999997,,310.0,2013
1017,,1,4.086052,,380.0,2012
1018,,1,4.61442,,225.0,2012
1019,,1,2.9036747000000003,,345.0,2012
1020,,1,2.2167421000000003,,340.0,2012
1021,,1,2.484193,,260.0,2013
1022,,1,1.3600309,,93.0,2012
1023,,1,2.17517632,,550.0,2012
1024,,1,3.6623866,,240.0,2012
1025,,1,3.0678504,,60.0,2012
1026,,1,0.925542,,470.0,2014
1027,,1,,,19.2,2011
1028,,1,3.352057,,3200.0,2012
1029,,1,,,10.1,2012
1030,,1,3.94150685,,172.0,2006
1031,,1,2.6158639999999997,,148.0,2007
1032,,1,3.1915239,,174.0,2007
1033,,1,4.1250828,,293.0,2008
1034,,1,4.187757,,260.0,2008
